0			0	4	4	0	44014
4			0	4	4	1	5864
20			0	4	4	2	906
84			0	4	4	3	101
88			0	4	4	3	193
356			0	4	4	4	93
364			0	4	4	4	43
92			0	4	4	3	203
376			0	4	4	4	101
384			0	4	4	4	49
96			0	4	4	3	409
388			0	4	4	4	51
392			0	4	4	4	108
396			0	4	4	4	179
400			0	4	4	4	71
24			0	4	4	2	1721
100			0	4	4	3	222
408			0	4	4	4	104
416			0	4	4	4	41
104			0	4	4	3	683
420			0	4	4	4	152
424			0	4	4	4	169
428			0	4	4	4	145
432			0	4	4	4	217
108			0	4	4	3	484
436			0	4	4	4	246
440			0	4	4	4	112
444			0	4	4	4	86
448			0	4	4	4	40
112			0	4	4	3	332
452			0	4	4	4	144
456			0	4	4	4	118
28			0	4	4	2	1603
116			0	4	4	3	376
468			0	4	4	4	84
472			0	4	4	4	125
476			0	4	4	4	133
120			0	4	4	3	624
484			0	4	4	4	172
488			0	4	4	4	151
492			0	4	4	4	240
496			0	4	4	4	61
124			0	4	4	3	122
500			0	4	4	4	50
128			0	4	4	3	481
516			0	4	4	4	235
520			0	4	4	4	45
524			0	4	4	4	55
528			0	4	4	4	146
32			0	4	4	2	1634
132			0	4	4	3	492
532			0	4	4	4	51
536			0	4	4	4	194
540			0	4	4	4	197
544			0	4	4	4	50
136			0	4	4	3	181
552			0	4	4	4	74
560			0	4	4	4	62
140			0	4	4	3	807
564			0	4	4	4	73
568			0	4	4	4	185
572			0	4	4	4	210
576			0	4	4	4	339
144			0	4	4	3	154
580			0	4	4	4	56
8			0	4	4	1	4459
36			0	4	4	2	1401
148			0	4	4	3	248
600			0	4	4	4	131
608			0	4	4	4	64
152			0	4	4	3	515
612			0	4	4	4	47
616			0	4	4	4	225
620			0	4	4	4	122
624			0	4	4	4	121
156			0	4	4	3	471
628			0	4	4	4	243
632			0	4	4	4	121
636			0	4	4	4	49
640			0	4	4	4	58
160			0	4	4	3	167
644			0	4	4	4	55
648			0	4	4	4	72
40			0	4	4	2	1434
164			0	4	4	3	698
660			0	4	4	4	82
664			0	4	4	4	281
668			0	4	4	4	113
672			0	4	4	4	222
168			0	4	4	3	447
676			0	4	4	4	45
680			0	4	4	4	92
684			0	4	4	4	103
688			0	4	4	4	207
172			0	4	4	3	167
696			0	4	4	4	95
700			0	4	4	4	51
176			0	4	4	3	122
712			0	4	4	4	48
44			0	4	4	2	621
180			0	4	4	3	70
184			0	4	4	3	339
740			0	4	4	4	79
744			0	4	4	4	45
748			0	4	4	4	125
752			0	4	4	4	90
188			0	4	4	3	50
192			0	4	4	3	162
772			0	4	4	4	54
784			0	4	4	4	45
48			0	4	4	2	1003
196			0	4	4	3	106
792			0	4	4	4	41
200			0	4	4	3	222
804			0	4	4	4	43
808			0	4	4	4	65
816			0	4	4	4	85
204			0	4	4	3	371
820			0	4	4	4	115
824			0	4	4	4	132
832			0	4	4	4	86
208			0	4	4	3	304
836			0	4	4	4	126
840			0	4	4	4	86
844			0	4	4	4	65
12			0	4	4	1	13095
52			0	4	4	2	3256
212			0	4	4	3	358
852			0	4	4	4	74
856			0	4	4	4	134
860			0	4	4	4	41
864			0	4	4	4	109
216			0	4	4	3	1609
868			0	4	4	4	443
872			0	4	4	4	457
876			0	4	4	4	559
880			0	4	4	4	150
220			0	4	4	3	391
884			0	4	4	4	83
888			0	4	4	4	174
896			0	4	4	4	102
224			0	4	4	3	898
900			0	4	4	4	481
904			0	4	4	4	268
908			0	4	4	4	81
912			0	4	4	4	68
56			0	4	4	2	3339
228			0	4	4	3	1625
916			0	4	4	4	462
920			0	4	4	4	716
924			0	4	4	4	282
928			0	4	4	4	165
232			0	4	4	3	659
932			0	4	4	4	119
936			0	4	4	4	360
940			0	4	4	4	64
944			0	4	4	4	116
236			0	4	4	3	760
948			0	4	4	4	285
952			0	4	4	4	342
956			0	4	4	4	68
960			0	4	4	4	65
240			0	4	4	3	295
964			0	4	4	4	89
968			0	4	4	4	70
972			0	4	4	4	97
60			0	4	4	2	2991
244			0	4	4	3	381
980			0	4	4	4	54
984			0	4	4	4	57
988			0	4	4	4	170
992			0	4	4	4	100
248			0	4	4	3	1241
996			0	4	4	4	295
1000			0	4	4	4	319
1004			0	4	4	4	109
1008			0	4	4	4	518
252			0	4	4	3	718
1012			0	4	4	4	168
1016			0	4	4	4	319
1020			0	4	4	4	77
1024			0	4	4	4	154
256			0	4	4	3	651
1028			0	4	4	4	162
1032			0	4	4	4	332
1036			0	4	4	4	94
1040			0	4	4	4	63
64			0	4	4	2	3509
260			0	4	4	3	404
1044			0	4	4	4	216
1048			0	4	4	4	89
1052			0	4	4	4	46
1056			0	4	4	4	53
264			0	4	4	3	1730
1060			0	4	4	4	876
1064			0	4	4	4	171
1068			0	4	4	4	501
1072			0	4	4	4	182
268			0	4	4	3	1030
1076			0	4	4	4	418
1080			0	4	4	4	253
1084			0	4	4	4	116
1088			0	4	4	4	243
272			0	4	4	3	345
1092			0	4	4	4	139
1096			0	4	4	4	93
1100			0	4	4	4	71
1104			0	4	4	4	42
16			0	4	4	1	20596
68			0	4	4	2	4952
276			0	4	4	3	539
1108			0	4	4	4	149
1112			0	4	4	4	106
1116			0	4	4	4	64
1120			0	4	4	4	220
280			0	4	4	3	643
1124			0	4	4	4	145
1128			0	4	4	4	164
1132			0	4	4	4	92
1136			0	4	4	4	242
284			0	4	4	3	2258
1140			0	4	4	4	545
1144			0	4	4	4	827
1148			0	4	4	4	278
1152			0	4	4	4	608
288			0	4	4	3	1512
1156			0	4	4	4	173
1160			0	4	4	4	342
1164			0	4	4	4	607
1168			0	4	4	4	390
72			0	4	4	2	5525
292			0	4	4	3	2462
1172			0	4	4	4	213
1176			0	4	4	4	1053
1180			0	4	4	4	602
1184			0	4	4	4	594
296			0	4	4	3	1458
1188			0	4	4	4	354
1192			0	4	4	4	153
1196			0	4	4	4	376
1200			0	4	4	4	575
300			0	4	4	3	543
1204			0	4	4	4	158
1208			0	4	4	4	209
1212			0	4	4	4	133
1216			0	4	4	4	43
304			0	4	4	3	1062
1220			0	4	4	4	127
1224			0	4	4	4	426
1228			0	4	4	4	396
1232			0	4	4	4	113
76			0	4	4	2	5568
308			0	4	4	3	1390
1236			0	4	4	4	320
1240			0	4	4	4	205
1244			0	4	4	4	431
1248			0	4	4	4	434
312			0	4	4	3	2060
1252			0	4	4	4	567
1256			0	4	4	4	494
1260			0	4	4	4	644
1264			0	4	4	4	355
316			0	4	4	3	1574
1268			0	4	4	4	301
1272			0	4	4	4	192
1276			0	4	4	4	304
1280			0	4	4	4	777
320			0	4	4	3	544
1284			0	4	4	4	101
1288			0	4	4	4	134
1292			0	4	4	4	127
1296			0	4	4	4	182
80			0	4	4	2	4551
324			0	4	4	3	2220
1300			0	4	4	4	646
1304			0	4	4	4	199
1308			0	4	4	4	1173
1312			0	4	4	4	202
328			0	4	4	3	549
1316			0	4	4	4	67
1320			0	4	4	4	101
1324			0	4	4	4	160
1328			0	4	4	4	221
332			0	4	4	3	1249
1332			0	4	4	4	288
1336			0	4	4	4	247
1340			0	4	4	4	176
1344			0	4	4	4	538
336			0	4	4	3	533
1348			0	4	4	4	229
1352			0	4	4	4	66
1356			0	4	4	4	180
1360			0	4	4	4	58
